vid,start,end,text
lFiD3AUzYUk,0,3000,Welcome to Wolfoo's Stories
lFiD3AUzYUk,3000,5000,Enjoy watching this new episode <3
lFiD3AUzYUk,260500,307000,"Please like, share and subscribe for more stories of Wolfoo."
vid,start,end,text
lFiD3AUzYUk,0,3000,Welcome to Wolfoo's Stories
lFiD3AUzYUk,3000,5000,Enjoy watching this new episode <3
lFiD3AUzYUk,260500,307000,"Please like, share and subscribe for more stories of Wolfoo."
